-0.85219
-0.11466
-0.60083
-2.11317
-1.33307
-0.41962
0.82658
1.80258
0.17867
0.20908
-1.46364
0.01434
-1.21439
0.52141
1.14669
-0.44924
-1.57982
0.12980
-0.27574
0.09633
0.27943
0.63022
0.86604
-0.28721
0.41030
-0.16947
-0.07967
0.98340
-0.56012
1.06066
0.68814
1.18348
0.70761
0.47161
-1.18332
-1.13528
1.98248
-0.00521
-0.43208
0.90356
-0.26000
0.64034
0.60144
0.81902
-0.09344
0.06918
0.11869
-0.02969
0.60723
0.38437
-1.01103
-0.90909
-1.10650
-0.29236
-0.39721
-0.24275
1.49008
1.44273
1.43272
-0.31111
0.73497
-0.18667
-1.39489
-1.33037
2.30911
-0.82095
-0.30766
-1.67737
0.29159
-0.89384
-1.27313
-0.77961
0.94101
0.84036
-0.19875
-1.20561
0.36186
-0.71277
-0.58992
-0.29625
-0.91556
-0.60762
-0.91665
0.52428
-0.51861
1.41533
-0.53872
-1.27948
0.97042
-0.07087
1.92200
-0.98858
-0.69216
-0.34073
0.80549
0.70232
-0.87174
-0.93415
-1.00065
-1.25683
0.23959
0.40035
1.16898
-0.57162
-0.36284
0.10892
-1.11551
3.37286
-0.11963
0.19275
0.79673
-0.57657
0.20651
-1.58170
-0.20299
-0.20907
-0.50898
-0.77370
-1.03061
1.40770
-0.80467
-0.96894
-0.77566
-0.74569
-1.99975
-1.02223
0.17258
-0.89751
1.42072
0.27959
1.23615
-0.80274
-0.91165
2.14203
1.95345
0.42915
-1.83104
1.04702
1.42640
1.03617
0.00597
-0.42939
-0.98126
0.17823
-0.69098
2.43835
-0.26638
0.38684
0.15011
1.23493
-1.03696
0.37498
-0.51327
0.85633
2.22014
2.66020
-1.08750
1.05333
1.06967
0.72433
-0.29595
0.75614
-0.76004
0.27429
1.51852
0.08986
-1.74429
0.56397
-0.05603
0.53699
1.53926
1.09065
-0.76912
-0.30508
-0.41984
-0.62108
2.17079
-0.03692
0.67371
-0.06207
-0.00827
-0.51225
1.53028
-1.03458
-0.56863
-0.13188
1.20703
-0.37701
-1.39302
1.62697
1.28614
0.18272
0.18667
-1.52143
-1.67337
1.00501
1.33412
0.80896
1.14534
0.82643
0.01654
-0.15874
-1.13632
-0.29334
-0.20332
-0.58529
0.14857
0.35608
0.43370
-1.09571
0.65091
-1.27057
-1.96209
1.12108
0.43056
-0.91525
1.21076
1.43890
-1.76469
0.40108
-0.07367
-0.22699
-2.03145
1.40606
-0.88360
-0.25747
0.36994
0.77845
0.59118
-0.24339
1.86232
0.02039
-1.17604
0.83746
0.55364
-1.88879
0.08990
0.26005
0.56770
0.69304
-1.09109
0.27081
2.33738
0.57165
2.12378
-1.06637
0.11709
0.90116
-0.37488
0.64952
-1.00832
-2.04214
0.86532
0.07212
-1.87771
-0.53915
-0.19039
-1.12703
0.34485
-0.48855
-0.63319
0.58383
0.66249
-0.42145
1.34155
0.37318
0.12234
-1.56616
1.30526
-0.62967
-1.62950
-0.63980
-2.99048
2.21134
-1.22716
1.56264
0.14495
-1.14325
-0.75259
0.62259
1.57237
-0.48083
-1.10206
-0.44821
-0.40547
-0.59362
-0.87847
0.45697
0.14079
-0.91033
1.62595
-0.18208
-0.21204
-0.34235
2.20151
-1.20999
-0.03482
0.21184
-0.82262
-0.28923
-0.03458
-0.72904
0.19229
-1.33831
-2.04016
0.47731
-2.18955
-0.66174
0.44913
-0.28621
-1.22953
0.87472
-0.43421
-1.80567
1.85310
-1.57352
1.55602
0.22547
-0.64559
0.30387
-0.88712
1.34814
-2.61436
0.49192
1.41772
-0.49473
0.34211
1.14562
-0.82459
0.27071
-1.19777
1.59554
0.21867
-1.39579
1.78438
0.08494
-0.44458
-0.76064
-0.91674
1.23187
0.07203
0.65821
-1.79128
-0.23378
-0.81169
1.81164
0.26035
0.40888
0.15826
-1.36138
0.00145
1.60762
-0.22374
-1.25418
2.44320
0.53287
-0.29308
0.09258
1.13321
-0.51018
0.40170
0.31722
0.30542
0.77447
1.86186
0.76719
1.25128
0.74563
0.42270
-2.23966
0.58304
-3.43066
0.83522
-1.56633
-1.68877
-0.27113
0.36128
-1.00460
-0.28203
0.23262
0.19431
-0.60507
-1.12957
1.12017
2.62590
0.97986
-0.21388
0.63426
0.51152
-1.24049
0.20982
0.08244
2.15391
-1.79571
-1.45285
0.97860
1.11386
2.07560
-0.25382
-2.12598
-0.99707
-1.03303
-1.44178
-0.21797
-0.60538
0.91768
0.83601
-0.50099
-0.26000
-0.32151
0.38862
-1.32380
-1.95614
-0.84240
2.35129
-0.89640
0.01191
-1.90117
-0.09255
1.10003
-0.25882
-1.10776
-0.55372
0.25659
-0.32876
1.06171
0.43317
0.97138
-0.41041
0.16136
-0.58316
1.02403
0.27809
0.48612
2.31155
0.39914
0.76584
0.04048
2.41207
0.43439
-1.38868
-1.76112
0.42027
0.96239
0.41063
-1.03405
-0.02807
1.68853
0.36208
0.40276
-1.17011
-0.27118
0.24376
0.65213
0.27336
-1.43623
0.38459
-0.73592
0.65901
1.53216
-0.98283
0.91259
-0.17984
-1.00274
0.74232
0.19096
-0.70322
0.03887
-0.94336
-0.33754
-1.81776
-0.00144
1.90628
0.19416
-0.23704
1.17710
-0.90830
0.16819
-1.22327
-1.13689
-0.39279
2.31275
0.07582
-1.01413
-2.04046
1.01642
0.23404
-0.97967
0.16339
1.46987
-1.08294
0.93407
-0.53580
0.91366
-0.25461
2.24352
0.73171
-1.59163
1.01930
-1.05596
0.29090
-0.55694
2.28929
0.52867
-1.17088
1.35845
0.05095
0.79125
-0.27185
-1.41375
-1.00819
-1.65615
0.97989
-0.38128
1.62628
-0.35289
0.73615
-0.55445
-0.35879
1.27610
-0.27146
0.06086
0.58271
1.90996
-0.38011
1.83109
-2.20501
-1.13809
-0.21404
0.06089
-0.50327
-1.62762
-0.49004
-0.02585
1.12257
-0.14862
-0.11311
-1.07601
1.23312
-0.67499
0.49775
1.25440
-0.11347
-0.44798
1.32423
0.44946
-0.93021
-0.88859
0.37521
-1.60587
0.24054
-1.04884
0.19775
-1.21925
-0.74512
-0.23533
1.38457
0.26270
-0.09971
0.01526
2.44837
-2.18996
0.42769
-2.07261
1.34532
0.29668
-0.29764
-0.47900
0.46203
0.03795
-0.88570
-0.12495
-1.28751
-0.50034
0.10199
0.39196
-1.21032
-0.54192
2.07508
-0.70166
0.52640
1.54770
-0.02160
-0.79434
1.44452
1.14904
1.56173
-1.19211
0.55508
2.84128
-0.00239
2.11074
-0.49694
-0.93846
-0.43084
2.71699
0.97192
-1.14416
-0.41224
0.00481
-0.27647
-1.08619
-0.49114
1.53988
-0.01567
0.58978
0.09073
-0.95745
0.36775
0.61961
0.42940
-0.17797
-1.09750
-0.26530
-0.97607
-0.10810
-0.25554
0.85198
-2.30168
1.41285
-1.60546
-0.29606
-0.53849
0.04635
0.86574
0.46629
0.07264
0.87202
0.54936
-0.33500
1.19575
-0.96000
0.24764
0.21497
-0.17982
-0.90259
0.38510
-1.46290
-1.23841
0.94031
0.07209
-1.42250
1.26357
0.93160
1.12822
2.03951
-0.32825
1.06851
2.29005
1.91640
0.05486
-0.21976
0.17879
0.06058
0.88569
-0.00556
1.29864
0.37628
1.06786
1.16160
0.43834
0.35097
-1.07403
-1.17120
1.20127
-0.46852
-1.10171
0.12188
0.85770
0.21305
-0.58271
-0.42044
1.70697
0.21858
0.23861
0.51802
-1.73950
-0.69131
-0.42478
-0.43697
1.26687
-0.32019
-0.79399
-0.39012
-0.11654
0.22266
-0.53131
0.20437
-0.87697
-0.36503
0.48262
0.97782
0.85047
-0.35476
-0.11861
-0.10132
2.20436
0.66916
0.90816
-0.45582
0.56755
-0.33829
-0.32207
0.29963
-0.48089
0.18323
1.77117
-0.59991
-1.19491
0.24237
0.81567
-0.68500
-0.86157
0.91752
0.45347
-1.23090
-0.86188
0.59733
-0.22280
1.75285
0.66149
-1.00807
0.97470
0.94840
-1.08861
-0.64926
0.68106
0.49909
1.29552
0.89700
-0.21084
0.22889
0.78708
1.07902
-1.46565
-1.85274
-0.67307
-1.45731
-0.33736
-0.71892
-0.73847
-0.32400
-0.58614
0.85115
0.43643
-1.39566
2.56847
0.29011
-1.31278
-1.11976
0.01828
-1.22247
-0.27443
0.58256
0.50028
-0.16733
1.07688
1.13081
0.84034
-0.37581
-1.31610
0.39447
-0.01868
-0.24786
0.32613
-0.93551
1.13495
-0.05721
1.37812
-1.31480
0.44869
0.84159
0.52243
0.26492
-0.25872
0.22993
0.52771
1.36750
0.61895
-0.59182
-0.37293
-1.65162
0.55914
0.22291
-0.41738
0.28199
0.09580
1.63392
0.70917
-1.24770
-0.92417
0.04166
-0.00764
-0.41066
0.65267
0.63227
0.21304
0.10590
-1.73873
-0.02998
-1.80075
-0.42720
0.76862
0.52466
1.60609
0.62244
0.73459
1.43127
0.68235
-0.41783
0.03662
-0.11621
-0.66235
0.02452
0.22555
1.52811
-0.72265
-1.59867
0.29787
1.38583
1.17302
-1.77308
0.24845
-0.24580
2.65053
1.14082
0.93483
-1.91363
1.05306
1.57085
-0.48808
1.11784
-0.44161
-2.03380
-0.03360
-0.60172
0.77027
0.37082
0.82836
-0.19681
-2.71294
0.01125
0.49353
-0.01472
-1.47117
-0.03311
1.98422
-0.27323
0.14884
1.38770
0.49092
0.73221
0.32473
0.59559
-0.28237
-0.29334
1.06068
-0.53567
1.89340
-0.80919
-0.95921
0.39360
1.71360
1.52908
0.04641
1.55600
-2.27571
-0.43052
-0.46271
0.66543
-2.01683
1.20028
-1.04078
-3.11474
-1.12162
1.19516
0.38359
-0.60758
-0.98918
1.96485
0.21976
-1.27600
-0.50285
0.55222
1.06744
0.77642
1.93442
0.14729
0.04920
-0.33644
1.87223
-1.63877
-1.18379
-0.29395
1.85543
-0.36138
0.04167
1.05455
0.16315
-0.27733
-0.68026
-0.58110
1.56435
-2.33356
1.10995
-0.43718
-0.73855
0.15008
-0.68872
-0.63903
1.18692
0.27933
-1.50932
-0.76057
-0.29476
1.50652
-0.11155
0.22472
0.34042
0.52992
1.36363
1.99280
0.60260
0.35538
0.20094
-0.11912
-1.12957
-0.26343
1.25403
1.85053
-0.88387
0.79781
-0.12273
-0.21809
-0.94706
0.13619
0.80043
0.84866
1.02075
0.66750
1.32459
-0.15566
-1.04021
-0.26115
0.56195
1.19701
0.55118
-1.31255
-0.63508
-1.70351
0.05840
0.49771
0.01491
0.51909
0.58905
-1.77525
0.14867
0.41219
-1.00850
0.04927
-0.94002
0.40521
-0.51466
1.38471
-0.83404
0.09762
0.08019
-1.02693
0.64619
-1.01046
-0.12978
-0.73952
-0.72095
-0.01290
0.57495
-2.80425
2.20881
-0.73120
-1.35379
0.82791
-0.19060
0.55340
0.80080
-0.37775
0.41268
2.05998
1.28477
-0.64692
0.36367
0.37090
0.80823
0.03301
-0.43343
1.37981
-0.19147
-0.69744
0.23269
-0.03709
-0.73129
0.21638
